56911
19380
12344
50338
33115
37504
12016
52923
31368
46049
44643
63223
59630
31595
53210
64012
25124
15990
52266
55994
2058
55615
59980
22942
40197
51668
44191
3916
33540
47686
27518
12981
7677
1591
17087
13220
21749
47510
22125
10241
32143
30069
27112
4456
58967
35672
32505
8187
51707
45539
59882
6404
30749
53264
55
13698
61082
58078
34908
28528
12485
62856
61491
44760
60821
59653
34432
22661
48391
16759
7976
33582
19379
65524
10113
47755
9780
23159
19641
14476
34766
7214
9669
47732
17112
45069
11087
35785
19401
31457
27053
61066
44955
6264
44708
49480
33009
23598
57176
11111
31048
26960
14276
26127
28554
2003
54332
56056
58371
46343
64492
25617
53450
32373
27142
48062
62627
4262
12759
22300
64544
39540
25124
24673
47990
16548
64103
39187
58606
53439
51971
18124
1640
49148
15137
63632
47561
19894
61697
38231
38733
28094
63632
49971
26189
34788
51139
4212
20834
2202
49008
27095
42778
56137
52547
1577
31978
63178
31106
25146
1990
30929
7585
16681
7143
4973
33082
11048
33441
16958
1294
58326
63602
6709
48311
50914
19301
56919
17210
48439
31146
40753
32984
8535
57168
2872
49688
62982
11325
36362
24184
22049
48564
33892
53910
31121
22419
36383
49400
58078
39586
12548
4368
20117
20201
53066
1442
54744
25422
44544
43309
55867
23371
55354
60246
25905
46390
61856
18572
1404
12404
18009
38434
40720
2342
55425
4776
5410
32723
6910
21779
32002
16158
56074
32036
60291
64132
63901
49523
40245
7478
701
56313
50460
47105
24026
37747
29117
14198
23840
5868
6460
47493
53489
44004
13510
61551
16801
55228
30951
35098
6133
5496
32951
35787
61462
15487
54214
35118
17253
55290
37745
3677
13463
55771
62934
59580
51574
32591
22231
30344
2683
20993
54361
16583
54265
32992
896
54765
47935
18900
65209
23454
64413
13090
3565
25593
29006
61000
51007
14693
16910
45509
65466
12822
20845
55813
36646
14535
52806
23315
28575
24839
20090
14475
22655
64012
18577
10756
32478
12155
16883
54697
25605
42071
25869
28415
17713
46516
15673
27174
64364
37690
58672
49607
62911
62951
8087
4671
3326
8809
11149
13957
31579
51933
43777
55468
16422
43709
37783
53108
54294
12309
54911
15263
26779
43311
31501
41406
50636
55579
36431
8114
7936
25984
51467
7776
14388
6541
35897
4582
6831
3146
59068
27350
7399
40963
16549
7774
54577
50161
2879
32617
53274
34271
3307
18399
42147
63669
22731
39344
12276
18405
5037
50694
62432
6158
27252
4657
21052
2465
19603
18983
20442
33718
23323
26624
6319
43068
11864
50353
27472
28592
39619
40021
37956
14490
17718
6542
60868
64692
49109
28159
44188
29184
31460
10078
52300
42091
41381
36141
38785
42001
38837
64018
62798
4387
15340
12180
42698
8510
33762
38114
46656
19731
17258
9086
22579
35071
19062
42544
53943
6521
30046
39177
23892
16434
49253
11164
17641
15009
9228
37034
51534
21160
46886
12299
10164
51715
47647
23469
52275
17642
32098
55598
37934
36051
38959
14192
43728
16292
17436
49783
17290
15188
13341
26079
8951
43226
37777
5920
15900
51363
30394
55447
57173
31286
43672
61833
37757
4095
22423
35772
4593
60234
29821
61205
23486
20223
23713
33250
20850
